-6.501750866884066227e-01 5.669281141603815799e-01
-2.059715977326951108e+00 1.801374556673287941e+00
3.107206464740743801e-01 -1.076735808763063379e-01
-5.451397365838029918e-01 6.251215011803838983e-01
6.345602456239843314e-02 3.409109407079475296e-01
-7.459892517378642340e-01 1.343588194409848890e+00
-7.705546249275696535e-01 1.309334763900564136e+00
-1.320677751949475232e+00 8.132404020111969611e-01
-8.701241573052795886e-01 1.158752683919147319e+00
-2.640701521210272462e-01 3.155142196989687564e-01
1.365998549969449916e-01 5.611678281155512149e-01
1.037347272756806438e-01 3.903088934924403008e-01
2.662087248550654150e-01 4.475871265904394214e-01
-5.469882356274943236e-01 1.236668505528196960e+00
-2.054851489028546030e-01 5.634014423673264771e-01
-6.005516828754189351e-01 4.270747171553409549e-01
3.003096669797399032e-02 4.791198921154628532e-01
3.186435241631253579e-01 -1.666347901818676647e-02
-7.907434225568193975e-01 1.143971325643902581e+00
-3.214746945993079974e-01 1.607611268217749578e-01
-9.591129977707434362e-01 1.255933519019608591e+00
-8.753102297690500411e-01 1.215554780357816389e+00
-7.171974769268478767e-01 8.067069548788782241e-01
9.729556846114199853e-02 6.685542249001551474e-01
-5.555997602457649620e-01 4.623273144877517726e-01
-8.291844757900254104e-01 1.213978692477172050e+00
-1.598212746252792096e-03 7.040717557577037544e-01
6.747588693590408915e-02 5.251945551094518994e-01
9.365036691774725197e-02 4.821266330808839373e-01
-2.629402983542894826e-02 3.268696063337168667e-01
-8.791103627563869871e-01 1.110021964091299829e+00
-1.595925129131719133e+00 1.399827681391395129e-01
-8.390942452448609812e-01 1.013082552975588246e+00
-6.996466726332681851e-01 3.056117165812340941e-01
-9.103528348914509127e-01 1.324590111920038060e+00
2.198908230029751054e-01 1.794946634743282143e-01
5.693750167451129551e-02 4.599050424944355897e-01
-1.114753863768236652e-01 6.005270130071701518e-01
3.347770275485987823e-01 3.901109274580166209e-01
8.340562336816503830e-02 5.549151912005088061e-01
-8.437866201132729338e-02 5.104020840564756911e-01
-1.083271476216080886e+00 8.583124691656552896e-01
-7.923025041055303808e-01 9.029964786867958892e-01
-8.741753708283586111e-01 1.064946878828050503e+00
-6.381653499759741832e-01 7.260100103757995971e-01
-1.354360438026617208e-01 4.530891359350983083e-01
-1.392901202402907490e-01 4.644346350609867558e-01
-8.552834657690465692e-01 9.237994893487116999e-01
-4.812574703374237761e-01 1.316932134454220638e-01
9.640331013590139331e-02 4.165186527406847250e-02
-6.410744976743765200e-01 1.153933624033270267e+00
-6.443990230016216625e-02 6.415665793962311847e-01
-9.671043288468411658e-01 1.094866504195601165e+00
-3.324924850380029939e-01 5.216939725294214014e-01
-8.260788463489335820e-01 1.040789014486306119e+00
-1.365504946315478918e-01 5.731722590695604858e-01
-4.232631650305381799e-01 1.345679778311585029e+00
-5.658431377258050787e-01 2.225234825325063115e-01
-9.104493559883592990e-01 1.003157036573299576e+00
-6.653932355539259325e-01 9.243588654080955314e-01
-4.359566333107729452e-01 3.632962467155258501e-01
-5.276408394087804821e-01 5.102808865016048578e-01
1.174313565031406270e-01 6.547107574963704213e-01
-1.627834231902413276e+00 1.471289890132061240e+00
-3.570928647477465412e-01 6.038676929082418265e-01
-7.638385362902462283e-01 1.051683875050530625e+00
-5.908425553136189556e-01 5.821594001136781715e-01
-7.557898224125363384e-01 1.269408756772561819e+00
-5.244252116924548179e-01 6.154280325670439256e-01
-9.865840826770164718e-01 1.039051078707208697e+00
-6.002284491441057801e-01 2.461063890722580694e-01
-7.193662925928588914e-01 7.487014292623940248e-01
3.087504641256149096e-01 -7.151004316735255772e-02
-1.175865672020908193e-01 5.078906825145407256e-01
-7.135242043577215698e-01 1.168400823997281179e+00
-8.267291568120163081e-01 1.184625153474996750e+00
-6.654481937549012738e-01 4.170611392496985093e-01
-8.641762838061721741e-01 1.138834508026669301e+00
-9.921382161497572794e-01 1.149986677645297606e+00
-8.233470409312053651e-01 1.104876820249280245e+00
-8.845686819002309687e-01 1.360090336485493934e+00
-6.036048831427215378e-01 1.492402902882582927e+00
-1.345295963275773499e+00 7.747967905583696968e-01
-1.135221534679087041e+00 9.724832243301257950e-01
-6.756121499950981102e-01 1.420453862745306939e+00
6.112212942271740695e-02 2.497696871407232566e-01
-7.910690595598284247e-01 1.200249943896888549e+00
-9.208317988441472313e-01 1.221664133688099785e+00
-8.217882855633944494e-01 4.854014705214950154e-01
-4.418011345872304707e-01 4.574928230108768479e-01
2.329405320369330734e-02 3.313258875119913238e-01
1.117617825467440706e-01 4.880977692109982335e-01
1.128618170811959004e-02 6.187069003754067653e-01
-1.389822399408784798e-02 1.686893035714761083e-02
-6.738296049492348283e-01 5.980160820131242838e-01
2.368706082860741191e-01 -3.474767901613873278e-02
-6.446841176818246533e-02 5.671867012571633060e-01
-6.954583513125703331e-02 3.715024875250957925e-01
-1.387322065549810191e+00 3.200624663552127935e-01
-1.095230934987658555e+00 1.001796933134625478e+00
1.351581140645116141e-01 3.825348045993746116e-01
-1.257910278408775229e+00 7.382785453968904177e-01
-9.058757932767282917e-01 1.300027028614725744e+00
-1.313539730075452328e+00 9.622987082452814089e-01
1.343163911423751467e-01 4.535163593447716357e-01
-1.027818691853917610e+00 9.295397349625029726e-01
-7.596586850933237933e-01 6.119882113359322862e-01
-5.300869174417153218e-01 3.538743414477376614e-01
-8.368588487152218702e-01 9.874362355881400877e-01
-9.256068582734704453e-01 1.279073004272487157e+00
-9.838058768196091819e-01 1.071749038094457873e+00
-6.676481942997080088e-01 7.314798068775706374e-01
-1.046766929992128947e+00 9.672038334332626608e-01
-7.488333237501644257e-01 -1.307793722365000466e-01
-8.412755645465812560e-01 4.456652931620005420e-01
-8.085801195026750543e-01 1.048144041984397701e+00
-9.567790640290073645e-01 9.486680601534971391e-01
5.524842096501945965e-02 4.132124140287937175e-01
1.090511275620378723e-01 5.191503211837540377e-01
-8.969320880643408822e-01 9.647506705244126568e-01
-2.440216351329788924e-01 5.319299822483375406e-01
5.673326245408548685e-01 1.057638521203564247e-01
-8.743148228220102292e-01 1.380804214329747648e+00
-5.886517271869089463e-01 1.112586238267317951e+00
2.360549124817425959e-01 -6.552138199343141706e-03
-1.069631237711611060e+00 1.281401606880792743e+00
-5.556155311252957141e-01 1.170513612714190410e+00
-7.153399239203366289e-01 1.194899625619623595e+00
-8.506000498916728159e-01 1.192534074434366431e+00
-1.024705477291543154e+00 9.116496371165395685e-01
8.645628491115195380e-02 1.585783368498561718e-01
-2.124875706862002223e-01 7.126756388696265931e-01
3.530538603480523063e-01 6.416931004465366017e-01
-1.562714287226029675e-01 5.832161806413985738e-01
-7.535211474440777213e-01 4.128080935327700374e-01
-5.759501104658906190e-01 5.661997308762557468e-01
-4.758121722048429952e-02 1.216159929682855273e-01
-9.338878396342091825e-01 1.063211203911881508e+00
3.023727246274475200e-01 2.712346287170473713e-02
-9.224973596760257522e-01 1.191811632651625708e+00
-8.699457632070022317e-01 4.586707590045289717e-01
-1.147139204768311771e+00 9.087443592654677049e-01
3.218444949436615743e-01 5.419649929099029650e-01
3.952655837768707936e-03 3.435992724671893539e-01
-1.395869603988939112e+00 1.032839806452211739e+00
-7.509351916492031931e-01 9.727585434267033149e-01
-7.176817997632048973e-01 9.989082518458719528e-02
-8.475978676271960222e-01 1.026558967669442213e+00
-1.001499682135284619e+00 1.147702819320018497e+00
-3.996556608965157187e-01 4.672315104031831146e-01
2.280583424790973840e-02 5.096470094784224525e-01
-1.160096092726913719e+00 8.974692685023322181e-01
-4.733574805180734146e-01 3.610923672265005657e-01
3.262620187128306148e-01 1.829559447148258466e-01
-1.777247348759314616e-01 5.665760470210066124e-01
-9.879876259780099312e-01 1.113847276150479404e+00
4.011968569885354663e-01 1.308051296888973758e-01
1.245251381729510637e-01 2.178690857392728275e-01
-2.101078073529475954e-01 6.279540798779131849e-01
-6.191842947634227379e-01 5.781709997388897460e-01
-1.036049402273326647e+00 9.186546944132356618e-01
-9.021576627601027298e-02 5.399697921100925502e-01
1.645502014334128960e-01 -1.040994748074452157e-02
-8.881751005747932082e-01 7.449620742773254145e-01
-4.379251912527210022e-01 3.327500814216037273e-01
-6.963396592876593960e-01 1.169554055497652012e+00
-1.121074183884193998e+00 1.019894928190710814e+00
-1.243916604370583157e+00 7.191428835928128649e-01
-8.485428463525775955e-01 2.933025696909754565e-01
-2.195338677274588923e-01 5.296953887231884428e-01
-9.381521060233060094e-01 1.089633565218716127e+00
-6.282599738189997840e-01 1.284909315901511029e+00
-8.858627432003686186e-01 5.687444022790266729e-01
-9.226704495084050439e-01 7.048940365812011999e-01
-6.295980774650297151e-01 6.279106247262853380e-01
-1.605145142230349209e-01 4.361756593432519757e-01
1.127336256838911144e-01 4.946823916976310631e-01
-7.283069875233886270e-01 8.839742634284601941e-01
5.598926198846494451e-01 6.208081038036681321e-01
-1.031081066478909181e+00 8.607683899537394989e-01
-8.477364014329777930e-01 1.147545516450405145e+00
-6.985787813723105533e-01 9.854223774108665790e-01
2.211970503772829888e-01 3.233523375504865349e-01
-1.095076147535505029e-02 3.262127754690134496e-01
4.823575860976014873e-01 4.080377889743151965e-01
-5.806737149290279731e-01 1.400069959552588728e+00
-5.961003528656740880e-01 1.226790910691574643e+00
-5.336138302071208317e-01 -1.810372274432680006e-01
-6.261966012225815836e-01 1.359840460383318961e+00
3.990858707135551131e-01 4.327565264803558409e-01
1.693660356789274402e-01 -8.748857044132046790e-02
6.800349903961530607e-02 1.023176623381080841e+00
-6.847141096306609276e-01 1.986654135651777231e-01
-1.165721808435179918e+00 7.868417101913810496e-01
-8.903573833713475105e-01 1.189922594868060290e+00
-9.211835925354392440e-01 7.765591065249882741e-01
1.723849427577790194e-01 -4.660096005821573462e-02
-3.454454940326674994e-01 6.064755412047280192e-01
-8.751936362870343933e-01 4.779895936299479731e-01
2.657068339135648660e-02 -1.211492496243717770e-02
-8.728850147824065431e-01 1.228677324019234351e+00
-5.011942994610905089e-01 2.569706463532961949e-01
-6.708674526016622508e-01 6.067271181795762525e-01
-1.060746538918683202e-01 1.665174923721698674e-01
-1.333530564863465884e+00 7.431096722584358272e-01
1.839165306110863707e-01 2.797715609268850434e-01
-8.377634234724442575e-01 9.630484587728982415e-01
3.165375636908955848e-01 3.348760987452433641e-02
-1.067017918532287002e-01 2.201939858643931491e-01
1.434663926513027321e-01 3.981062637573329344e-01
3.377968633458777736e-01 2.895365869048429630e-01
-4.705412480631976369e-02 5.210122400123815556e-01
-3.558672654187653994e-01 6.358317166301913348e-01
-6.811165761708214417e-01 1.394156676148591067e+00
-5.256363775866392807e-01 1.252972232731731195e+00
5.665583293941303666e-02 2.156360026579856037e-01
-9.749436585343047579e-01 9.599564022803888097e-01
-6.776927768244961348e-01 1.443643413720333779e+00
-1.386256008017878516e+00 5.148239588873563255e-01
-8.089110092040751807e-03 -1.408885360864536862e-01
-2.016515561619886543e-01 5.505987849859882433e-01
-1.000460400054749011e+00 1.144378196073980725e+00
-3.673985052421460673e-02 5.629720379918010664e-01
-1.075730291174023856e+00 4.515060756622251703e-01
-8.709605615426607717e-01 1.130904933226616116e+00
-3.331516169202984878e-01 6.597039981144218190e-01
-6.805506291277394482e-01 5.920753123166343501e-01
-7.986882281345094592e-01 9.456748346756660428e-01
-2.647067492080273921e-02 2.610826897381769360e-02
-3.175729323218587918e-01 3.504036438636736750e-01
1.782682798513834099e-01 2.462052528375958949e-01
-3.429714707388639705e-01 4.675299231247559972e-01
1.058178356436263387e-02 4.664893654193564831e-01
-1.606480750015042869e+00 7.197656363019508952e-01
-6.817963343246414842e-01 1.322423116043896396e+00
-1.001272040391000040e+00 8.558036640396626815e-01
2.996909653452350941e-02 4.709983583662945006e-01
-2.657843738974180817e-02 4.889381491514807609e-01
-1.359139953122529221e+00 6.913065561368986200e-01
-2.838668993132569818e-01 2.949596463155732540e-01
3.500684230313609868e-01 1.750884763932747390e-02
-1.449544324186697875e+00 9.545109417597320567e-01
2.997187305060596274e-01 2.398246800232773368e-01
-1.188468397565308088e+00 7.703222414746622171e-01
-1.371602810335996736e-01 1.076125797493584280e+00
-8.297875257181964725e-01 1.099698749563692068e+00
-9.913451504056248753e-01 9.095051643254448148e-01
-6.716606387838889303e-01 1.344501868268984657e+00
-1.051095119267185796e+00 1.199454530182797241e+00
6.807799039126814777e-02 1.429420741248265680e-01
-3.695232333165122118e-01 4.408337428753959508e-01
-8.444224745836400592e-01 1.042763362950423600e+00
-8.031727532311144779e-01 6.574066280285200126e-01
-6.910772295142827426e-01 8.398343629732172300e-01
-7.800664670799550837e-02 3.155968725907115635e-01
-1.622658826411914057e-01 4.623970663664700997e-01
-3.414463794910688882e-02 4.709731563859400616e-01
-3.247737343906501595e-01 5.468197028998392772e-01
-7.352989349769167848e-01 1.131396122215520439e+00
-1.057898593055953684e+00 8.073137136497352540e-01
-1.563917003575533357e-02 4.149898409426473478e-01
-3.233299552620406692e-01 4.578353447440681179e-01
-2.719440178387560469e-01 4.510367001230525807e-01
4.856110588025197017e-01 -4.755665806516096161e-02
2.678811097956282916e-01 4.432927108946044248e-02
-2.377692852429165726e-01 5.149133738523988812e-01
-2.738422735670901775e-01 5.193664342751534990e-01
-7.368392336199839354e-01 1.370482378302143589e+00
-2.315868433442430652e-01 3.689347603619499982e-01
-1.064211772756984864e+00 1.031786107938990948e+00
-1.435723088917427170e-01 5.393578322729720709e-01
-7.744411856120593241e-01 1.378706453844042779e+00
-1.264556740036060223e+00 1.016612310376764139e+00
-8.604564893793068547e-01 1.002653711953143567e+00
1.638877446749855138e-01 2.520907954436014120e-01
1.449193229954706674e-01 4.373181650482974026e-01
-1.373492132430745638e+00 5.415544641853222707e-01
3.005479892914557014e-02 5.279792325872849634e-01
-9.711556083695851438e-01 7.386547248275994182e-01
2.000822948065283380e-01 2.283171089603159287e-01
-4.910621478989860011e-01 5.901038872772566002e-01
-8.984010688692124769e-02 -5.843976299404846086e-02
-3.729034472940827016e-01 5.540054986434046480e-01
-1.084438371404508716e+00 1.152693726778314387e+00
9.493218108181616932e-02 6.317481197430654394e-01
4.809098453063784806e-01 1.385962999980867028e-01
-8.404272607819475160e-01 1.220442976845397265e+00
-1.724112264303576114e-01 1.535697007677604975e-01
-1.056006443950756379e+00 8.633463990182470571e-01
-5.636387769490965038e-02 5.130349924029382613e-01
1.678364737056203260e-01 2.939337650765916354e-01
-9.675241293365151041e-01 8.331418411198158180e-01
-2.589774651120188231e+00 2.101177345561075605e+00
2.006490933682610889e-01 4.525113933658764243e-01
3.735876867748560981e-01 -1.148322730928871133e-01
3.629702212680424034e-01 7.223904421216589822e-02
-6.376726260535015012e-01 1.460215749715235045e+00
-9.509501008044440873e-01 1.040650435390166439e+00
3.469447064156196137e-02 5.375552082098692397e-01
1.984227162587514637e-01 5.376888997235103052e-01
2.190951499227823396e-01 2.369595601161511855e-01
-7.198337248530154442e-01 9.734980756278267533e-01
-8.657385433992033086e-01 9.903606884171975988e-01
-1.159383671267836258e+00 8.724453397718272551e-01
-9.055881836090384773e-01 9.710266201647189677e-01
8.334166028256750902e-02 1.141837623207193064e-01
-1.145646417008947537e+00 8.251186477361696081e-01
-2.798426382787783662e-01 4.485217747664915766e-01
-8.780935785397880888e-01 1.054236454641938714e+00
-5.871333009857941931e-01 3.467831107538845159e-01
-5.648588761404854663e-01 5.277731376231384886e-01
-8.794285103763311850e-01 1.002519517972360052e+00
-3.956617593708198766e-01 5.722429259370882537e-01
-1.636110235966136139e-01 5.531969346263148068e-01
1.533726820657726475e-01 3.988339921231333074e-01
-4.947920613001465795e-01 2.947976170043152822e-01
-1.029703422924436840e+00 9.564834699561046705e-01
-1.223618323564609200e+00 5.886982369438092944e-01
-9.458877209033731415e-01 8.754905607253447020e-01
8.438830630422559931e-02 2.301290767674172566e-01
1.475445002231865477e-01 5.381539079538528725e-01
6.219225279403704093e-02 4.897392230494335696e-01
-1.150212399739747537e+00 1.796360986718056607e-01
-1.595625809840472142e-01 4.259443004734523308e-01
-4.542001671940344987e-01 5.032631059503491766e-01
-1.373066496755994015e+00 1.145331430897533975e+00
-2.530434110859235142e-02 4.919533503587807388e-01
-1.592949667618418635e-02 4.952928239095982232e-01
-2.552792951616340844e-02 1.833945489879623414e-01
-4.194761550570936248e-01 1.107820769364606051e+00
-9.896951317173775797e-02 4.144390907071645036e-01
-9.245341698232553140e-01 1.024718570982047661e+00
-4.201268655032562582e-02 -7.034309889794740367e-02
-9.445897605036638334e-01 1.047524680335382818e+00
-7.793521460966816861e-01 1.249382368868520388e+00
-7.319693062510594928e-01 7.576565759862239346e-01
1.103392458090489414e-02 6.104793801490018268e-01
-7.677928984731040574e-01 1.179592531319653803e+00
-5.023608776123397908e-03 4.376809040444313847e-01
5.114781955243098421e-01 -3.138165381955736882e-02
-7.481299964994975182e-01 1.347412002551630517e+00
-3.500461253915081450e-01 5.457124539301339006e-01
-9.436106818576498467e-01 9.672594156170811752e-01
-8.823965692853232845e-01 1.406893661384244210e+00
-1.784771389704271627e-01 4.989043265222907197e-01
-1.376782647641121127e+00 7.703648800562679089e-01
-1.132024605523331617e+00 1.236675046521099386e+00
-1.727303071168533877e-01 4.935215310293145641e-01
-1.044350335073638503e+00 1.033921278717981007e+00
-5.737256337001365170e-01 6.297162793484569754e-01
-7.935262171988790580e-01 1.022283237572598091e+00
-7.644712651903737277e-02 5.216554725317174013e-01
-6.085233895779530722e-02 6.422897382784364950e-01
-5.057512512207330835e-02 3.394565385623398157e-01
-2.328631440592941748e-01 -6.261963619023461214e-02
-7.192215330323329381e-01 1.075845098165009173e+00
-7.146704159716059657e-01 9.209867852496713692e-01
-9.785249498875721041e-01 5.543793627684509007e-01
-9.125739040579521344e-01 8.610126988251766145e-01
-3.381473309507258551e-01 5.207520116744347449e-01
1.317098649267770261e-01 5.884357913826401276e-01
-5.600854687467547027e-03 4.753442917661135914e-01
1.873714547650880136e-01 3.252569153775922706e-01
2.648299865366356975e-01 2.343104980806749171e-01
-1.135918005241161710e+00 1.022033786290599711e+00
-2.459274013958253624e-01 4.273383887147828575e-01
-9.498434468145684484e-01 7.066739864272529870e-01
-6.096011048059578608e-01 4.973133088615692698e-01
-5.383942550292263041e-02 4.327279127137249604e-01
-5.716344219939867299e-01 5.978102693351270425e-01
-8.511218096543011757e-01 1.009426507742379187e+00
-1.603164848793428299e-01 5.401498338154822054e-01
-8.833891065374904761e-02 -2.492770924477232253e-01
-7.461844861195012779e-01 1.311172053209862742e+00
-7.905654967009080325e-01 1.101350667477007494e+00
-1.252165194091869660e+00 1.033325232844560571e+00
-5.378369630638504262e-01 6.878139001017958831e-01
3.406081707238991507e-01 5.616294270825491486e-01
-6.269773660631579315e-02 5.902968200613885053e-01
-8.234543172453870907e-01 9.220079049209893851e-01
-3.739853912333875319e-01 1.501355310088226647e+00
-3.917554655712069955e-01 1.401027395002942599e+00
-8.412934487738926714e-01 1.057693421801777500e+00
1.410871465288464077e-01 -8.259324096802211912e-02
-2.764903474306733555e-01 3.712335858492898932e-01
-1.218055978982188758e+00 6.060848894584679458e-01
-8.157037179192644372e-01 1.209426994386100018e+00
-1.024081917849262169e+00 1.155898962794276175e+00
-8.573597626591018539e-01 9.464414127958934442e-01
-9.099473410237002291e-01 1.075904532017460724e+00
-1.228088667058153893e+00 7.360085722214383397e-01
3.534432383770498842e-01 3.563559634649196006e-01
1.873714547650880136e-01 3.252569153775922706e-01
-9.182547715794926457e-01 1.073941680136214050e+00
3.714517857468375706e-01 4.493353486545811210e-02
-7.772379233144295352e-01 1.331225793776543487e+00
5.337072950353332068e-01 1.452669931179082496e-01
-5.470521049534868840e-01 6.401579946209161598e-01
-9.242705024489471510e-01 1.049933824324153608e+00
-1.701118096347002118e-01 5.136168354151128268e-01
-3.456775890130943663e-01 3.943345221160139413e-01
-1.478592288741650274e-01 5.037902729458358930e-01
-9.287257465019466141e-02 4.645410542582917857e-01
7.196575247153606802e-02 1.292989130306263501e-01
-7.384990739517984792e-01 1.302023170022131415e+00
-8.286536564123710980e-01 1.236478885531764105e+00
-5.334165072789509576e-01 7.697705011187695456e-01
-7.511844838729353491e-01 1.225777663163604814e+00
-8.928585802776249913e-01 9.983424086654107965e-01
-7.912555166899640779e-01 1.145501082970763695e+00
2.198887473363712597e-01 2.680958659814047795e-01
2.125614755817462898e-01 2.319558750448238171e-01
1.763735431839203449e-01 2.895082595570474537e-01
-1.191899735415631545e+00 6.649759762851207290e-01
-7.552749747868959806e-01 1.264534819921480535e+00
-9.663791966068726591e-01 1.091893317474175173e+00
-5.604953745826411760e-02 2.238740464153110288e-01
-4.518546382196819144e-01 6.274171488926277851e-01
3.527881980798850958e-01 -1.007516513429553701e-02
-3.132962217567508700e-01 2.403034145244065389e-01
-1.025063281258235204e+00 8.790973967566004799e-01
2.302671008130313668e-01 3.087449052906331426e-01
-8.058436244933323556e-01 1.088540837990121801e+00
1.305805732377177675e-01 5.221997120908195011e-01
1.878534405589205591e-01 2.775437743301922833e-01
2.785609950958419789e-01 3.620704304112937200e-01
-7.108081459280573000e-01 4.250831391058232933e-01
-7.146911838967261454e-01 1.366054596178977842e+00
6.960712698615360849e-02 3.734246254642760721e-01
1.605922571168926782e-01 3.450125394609960261e-01
3.263507850222582829e-01 -5.447996328818073553e-02
-9.575287842771165736e-02 -1.552974800479706985e-01
-2.147749109268007328e-01 7.715136105009540168e-01
-2.580872258701257804e-01 4.037502756741427890e-01
-1.437696981508594263e+00 1.128247505046414245e+00
-9.519988126254583793e-01 1.257443240004119556e+00
2.019443545907359250e-01 4.378652275455598986e-01
-7.741771071987664232e-01 1.119887331740917924e+00
-1.056234247454021391e+00 4.447535355928745049e-01
-7.085026220333756619e-01 1.062902902003956873e+00
-1.284829621299795832e+00 1.148071062957273236e+00
-1.677127486741598061e-01 5.657077567943191720e-01
-1.486733775731356733e-01 4.943029867618322082e-01
-2.657801647018632196e-01 6.344179332899609891e-01
-1.073753757333531178e+00 9.389742757429206943e-01
-1.702926567704764471e-01 5.189886190230575957e-01
-7.459693610076123527e-01 7.018925455987533590e-01
-8.150303478253279055e-01 5.542904599115069386e-01
-5.241984326658657434e-01 4.571309541253314457e-01
-1.417647280190704739e+00 2.739285098843235455e-01
2.710073227221205250e-01 1.127203654658330834e-01
-5.452319981693903861e-01 5.817755068276309061e-01
-9.015330375097716509e-01 1.066829499093612688e+00
-6.987787514418156709e-01 1.298841235422496743e+00
-3.321009708986868425e-01 5.469916666201998234e-01
-1.025484634259062222e+00 8.351266702232238437e-01
-4.938320608479907503e-01 6.006309692358555719e-01
-4.638912841075557014e-02 4.334672793918297740e-01
-8.813953321534366836e-01 1.013025699112747535e+00
-1.613284628421207456e+00 8.556971818489413906e-01
-6.630503854465965574e-01 1.396953581107808207e+00
-8.179442466294156722e-01 1.163496843839296524e+00
-4.460318779274735634e-01 4.997108662686227110e-01
-1.547094436259694783e+00 -1.869317817228377809e-01
-1.137554472889524548e-01 3.480798557913516444e-01
-4.308116398918243606e-01 5.994803466265599123e-01
-7.163459749278500155e-01 1.297800036577985816e+00
-2.141274038678587788e-01 1.607024766926946208e-02
-1.484884221555944905e-01 4.911857645594049915e-01
-3.300682273147212409e-01 5.028353491643177131e-01
-9.168404947492366786e-01 1.214933509195387451e+00
-8.420066168255921912e-01 8.573093153471029737e-01
1.927875479942213754e-01 3.091427688803275453e-01
-7.577382887268548917e-01 9.103923252943338928e-01
-1.121207861739663247e+00 6.441068964722534984e-01
-6.001181270647647503e-01 1.117854986681631635e+00
2.276628271975767726e-01 2.076540365958894768e-02
3.899651228694548943e-01 5.608764353293270721e-01
-1.185924675561099567e-01 5.570593210000166495e-01
-1.421481873911365712e+00 4.678506427111430721e-01
-1.028142469661290637e+00 6.928772472390021253e-01
-9.627315907333668932e-01 1.128323948791995601e+00
-7.226763189415851274e-01 1.340880114500298870e+00
-2.943862937318546952e-02 -3.622162894224818797e-02
-1.131621043131826765e+00 8.543493749473847210e-01
-5.816859628957734563e-01 5.069513144184636388e-01
-1.750030463913189172e-01 6.652596342535784801e-01
-7.923147166004380626e-01 1.293489570212544848e+00
3.965140460529980038e-01 -3.440372018405792043e-02
-8.715786807015377113e-02 6.734329277414854431e-01
-6.038337419168741116e-01 1.214687195818330956e+00
-3.595804331827491263e-01 3.225842453112318098e-01
2.607539565296887463e-01 5.721904542712945574e-01
-5.096444609583499208e-01 1.499377054977198698e-01
-7.927543489294889278e-01 1.064976321362068656e+00
7.746021549330507627e-02 5.603886286258249472e-01
-2.689108251710804476e-01 5.485920300536767380e-01
1.593724447083960105e-01 4.552237095269857092e-01
-7.752485747869551913e-01 1.375910766491381221e+00
-3.964780115265606475e-01 1.635315203378449267e+00
-5.629243232362390881e-01 3.289318784760100201e-01
-3.136872439353532438e-01 4.696480041508769299e-01
-7.262719573141389606e-01 1.113817772849082122e+00
-1.288099700733875252e+00 5.508761819938492454e-01
4.746001400746042709e-01 -9.620399527288235608e-02
-6.374117156190729494e-01 1.119135464233873112e+00
-1.283230607376736887e-01 4.405462716049728944e-01
-9.423927919290070454e-02 1.372061380656906526e-01
-6.204074364621083859e-01 1.388049868475816240e+00
-3.910911368182617975e-01 6.059616409438639550e-01
-4.396365840366983080e-01 4.088415184371585465e-01
2.091364545015166609e-01 2.907694121667143139e-01
-1.860072121468663298e-01 2.394926649840097566e-01
-9.629839867637596251e-01 8.844594133811978232e-01
2.598297001436500886e-01 6.164528213843241400e-02
-9.295865121479431892e-01 1.031222280624938037e+00
-3.012453073733659809e-02 5.893265807183631910e-01
-6.587911197767223337e-01 6.873146763648506630e-01
-1.031698891524039485e+00 9.651126349925833736e-01
4.635273773411780623e-02 -7.756395340811436667e-02
-1.064591799762810487e+00 1.080139346448815818e+00
-3.253298468511295338e-02 2.064690884510222979e-02
-8.744381206719711308e-01 1.103967893774912667e+00
-2.560200117974318346e-01 4.738379528035933652e-01
-8.772310417044592024e-01 9.957966079484238398e-01
-9.346307452112289083e-01 1.252779416008457991e+00
-1.012816723941435848e+00 1.013714377982077863e+00
-7.901385021278546361e-01 7.203321106101864268e-01
-2.634607209084225854e+00 2.125492836237545813e+00
-2.559904606427907542e-02 2.070608683452780652e-01
-4.189730911844673222e-02 4.685452271584052419e-01
-1.223285231532007522e+00 5.367505709435480554e-01
-2.398782965932025890e-01 4.826971962995873500e-01
-1.039462865015065463e+00 1.153709669554648043e+00
2.383384975635416125e-01 4.766423808159707676e-01
-7.959845470549695157e-02 5.267535163040735213e-01
7.035175798399379010e-03 3.840297255142098853e-01
-7.442539110837372018e-02 3.196007040032022295e-01
-9.695670381786644088e-01 1.031551793715875798e+00
4.843245400499402581e-02 3.028649859179681769e-01
-5.637522432527785066e-01 1.126494364122560432e+00
-2.458050377027617139e-01 5.526490480692579643e-01
-9.479177745211622153e-01 1.068852547909590056e+00
-9.488738224719235337e-01 8.394118022749744723e-01
4.358801098719721767e-01 3.111422892894731840e-01
-5.962488684696772845e-01 1.264081223024637879e+00
-9.668942591725253610e-01 9.520839703316761327e-01
6.027690996374224230e-02 3.337765541399229097e-01
2.403089286360939880e-01 -1.436889337276592293e-01
-3.505515175534805739e-01 4.996813442487572643e-01
5.598400929980832386e-01 7.299766013499049688e-02
-7.693502301669647991e-01 1.231662034754783974e+00
-2.339194216577203111e-01 5.413911968031031030e-01
4.426558335770889863e-01 2.379364202685260443e-01
-4.684156006587175680e-01 7.473755280772269582e-01
-7.573597906906812671e-01 1.333667865448347145e+00
-8.372922932208500812e-01 1.260837074713530015e+00
-7.674038517253171099e-01 1.114594148582124467e+00
-3.646302202919458058e-01 7.483555823500203097e-01
-4.512773782019651181e-01 3.500629206823444028e-01
-1.137593194707039679e+00 4.026734213992644307e-01
-6.469387923605815494e-02 5.489073025393469418e-01
-7.311366757773043457e-01 3.675704226479383219e-01
3.261422812225030499e-01 3.795445365347695499e-01
3.113679225044118648e-01 1.271640138249604535e-01
-4.067645881719401668e-01 1.493911694638176080e+00
-6.010648076963392983e-01 1.045922330788903398e+00
-8.418393217423889574e-01 4.452793285652009159e-01
-7.889573778354855849e-01 1.096403327654708493e+00
-7.849717214959092138e-01 1.194816455189203097e+00
-1.783770671287398191e+00 1.687351648472126264e+00
-1.492969445472546453e-01 5.018936595649795551e-01
-8.097215665268178708e-02 2.344063043584764250e-01
-7.397337372756761509e-01 1.305031235404067402e+00
-8.263294287240824376e-01 1.288008845086560994e+00
-1.029514296301301979e+00 1.539896022268643305e+00
-9.237250684225560837e-01 1.360492952089688012e+00
5.894279598716924140e-02 5.234390779946409555e-01
1.350816960316378323e-01 5.991792456388471688e-01
-2.374462998220541188e+00 8.955612771368868241e-01
-5.437921299642104467e-01 4.122295341415901371e-01
-6.515386444022202017e-01 8.829447954671277854e-01
2.992426671768125823e-01 4.843906879622371375e-02
-6.736029923805498809e-01 5.730073127150793200e-01
-4.360622615443590644e-01 5.344146407013398159e-01
-7.511495535758848652e-01 1.245429267888132241e+00
-4.590910030215742954e-01 1.553274389378934695e+00
-8.043327783123683794e-01 1.200708913982412973e+00
-1.376782647641121127e+00 7.703648800562679089e-01
-6.434932118082995478e-01 1.381699351594173564e+00
9.756786350520799123e-02 6.112204379524452946e-01
-1.141412481438272453e+00 1.040176660207183357e+00
-3.851495851588009889e-01 4.135885034153570783e-01
-8.217297979573130462e-01 9.706956230042941280e-01
-2.112568406775581775e-01 3.671783335863634812e-01
-2.124250426980653916e-01 4.252510151262925420e-01
-1.302016347767055215e+00 2.987071081318775634e-01
-6.056828449393545366e-01 4.004959419168379053e-01
-2.959254721131152621e-01 6.245169832206436400e-01
1.453531584273893562e-01 6.017444742214606013e-01
-8.915738942939267497e-01 6.379959711545125645e-01
-3.415451762896452026e-01 3.789477370992781480e-01
-3.644266762814051819e-01 1.457366768479249730e+00
-1.239888593177942006e-01 6.228310040260076619e-01
-8.115937577074180398e-01 8.538062717792833656e-01
2.268948630924960408e-01 2.189531421866512395e-01
-5.857098232526029014e-01 1.090357371954393084e+00
-7.968812433297393083e-01 1.150908887986956453e+00
-8.184935764980737494e-01 1.233167599455539332e+00
-6.535075347352005126e-01 1.370194911590221221e+00
-9.244776829023770848e-01 1.143349524543173512e+00
-7.087283017293450893e-01 1.299594786889974873e+00
-3.545202253642488754e-01 3.401045164309614566e-01
-9.402755921574411646e-01 1.002746372325725277e+00
-8.433668556963251906e-01 6.741657922129817848e-01
1.762761609028711818e-01 6.216452295154986096e-01
8.091589863215811751e-02 3.723675726055750146e-01
-5.020132659900828909e-01 -4.010319130893562622e-01
-2.049139914176154043e-01 4.836912695379168015e-01
-9.086058358862404427e-01 1.213839292169816897e+00
-4.314913338596216841e-01 3.236813043429280223e-01
-1.442076737494996097e-01 6.252930673190912336e-02
-1.141544623825064608e+00 8.711027576484403623e-01
-9.697855955830786412e-01 5.498021448702230529e-01
-9.467337088028859871e-01 1.147975700400412524e+00
-1.146470750191815213e+00 9.512967080773803152e-01
-5.137816809150309583e-01 3.593259614183377249e-01
-2.364960253091151487e-01 6.084376070489845301e-01
-2.227734801111351248e-01 4.596802374869863317e-01
2.591310352674845441e-01 1.363859169167001006e-01
-3.186398501663781357e-01 6.536364022865729373e-01
-7.334760025463386013e-01 1.091866821505297347e+00
-9.919309905365012447e-01 8.683163596964350583e-01
-7.238783995624561429e-01 1.143487494912401869e+00
-8.269540939347910236e-01 7.160019085613161804e-01
-3.402369644861059084e-01 -4.192687276354294112e-03
-2.093693149396494757e+00 1.216566891244468263e+00
-2.536832642620912015e-01 5.693283327783806858e-01
-2.385848072592141045e-01 4.101256520546362472e-01
3.949722817385011367e-03 4.481271328687477240e-01
1.489894826389248639e-01 2.864456820052295738e-01
-1.173677061980987757e+00 9.600716972431500018e-01
-1.262075626062229450e+00 8.094782474856079268e-01
-6.234521983755161312e-01 4.264327905605954094e-01
2.935321478431636155e-01 1.034131201464222188e-01
-4.032338460016531845e-01 4.687804954159736637e-01
-7.570121694338891594e-01 1.274703868646175353e+00
-2.532465817672936437e-01 5.034869920291931145e-01
-7.838895697521327532e-01 1.117101619760861198e+00
-3.629758400734159896e-01 1.223286327356694514e+00
5.154397074180088190e-01 9.292346823804047140e-02
-5.162230224530785228e-02 4.682504213722750164e-01
1.016403861350938520e-01 2.630776228828851093e-01
-9.304515863813066501e-01 6.834427550070749646e-01
-9.020111278803351063e-01 7.756583457786399016e-01
-1.342938390550742156e+00 1.669970435385575547e+00
-2.043256834987786874e+00 1.831042205277550128e+00
3.750496121829414720e-01 1.785371886658204121e-01
1.982818856170948107e-01 9.416814180033529491e-02
-8.388147943757252589e-01 5.600498334067594008e-01
-5.377548252756174652e-01 2.641018261117323851e-01
4.420011470899677941e-01 7.908795929979160755e-02
3.688573489180923537e-01 -1.217328394599181685e-01
-5.267766185484361596e-01 1.363929063518659834e+00
-1.208598608804017260e+00 1.254566970970510509e+00
-1.526674060528695698e+00 1.535608536741277730e+00
-6.675812017209918903e-01 1.213595693056527924e+00
-8.275668492396649478e-01 1.256054518286649824e+00
-5.281692233320544466e-02 5.837998212215775862e-01
-9.700550929033810998e-01 1.168545895613960717e+00
2.381765329197417791e-01 2.994459431503598834e-01
-7.716749363604192835e-01 9.778617768371787866e-01
-1.171110911639470675e+00 9.306712608109488638e-01
-3.934678375544707618e-02 5.246006760746781961e-01
-1.194710625597070086e+00 1.303835366999329226e+00
-1.416577119529578432e-01 4.220965253327976785e-01
-9.329962686008659301e-01 -5.030766765260619167e-02
3.609515671974564133e-01 3.804799779477415766e-01
4.418992503147018969e-01 3.002025809197226836e-01
3.982301826837623682e-01 1.870502122970411907e-02
-7.274408396705296376e-01 1.085168469811507164e+00
-5.129004747166739930e-01 2.721404612931371814e-01
-6.250085687055043637e-01 1.200827427332406661e+00
-1.842057205285952515e+00 8.906900925396704638e-01
-1.281083998272635194e-01 3.526608067268905966e-01
-1.114659963489440658e-01 2.734486549154895862e-01
-7.993565819639780745e-01 9.759729136401269489e-01
2.364469919812636212e-01 4.289001513347146521e-01
-3.318579777036345657e-01 4.836556596333371760e-01
-1.773326402869685348e+00 1.937739400907233733e+00
-6.446987077930386167e-01 8.810363555509380662e-01
-5.764509454107473729e-01 8.408566036146527534e-01
-3.639399747790348361e-01 6.802273377355617656e-01
2.904147896941920437e-01 5.207070386742322921e-01
-3.580753630397278675e-01 3.083178829947925692e-01
-8.320416455049812754e-01 1.193949204890230709e+00
-8.282168961457416767e-01 1.211165492494568285e+00
-3.788403360287311838e-01 3.090376710520595926e-01
-7.495195112697050632e-01 8.353480483238250320e-01
-1.117763659546947341e+00 1.015614282729088824e+00
2.798399323824797280e-01 3.161682876291992128e-02
-2.934592774328581566e-01 4.760248947686375742e-01
-1.088804884484755320e+00 1.188158248302249032e+00
-7.519297347855412594e-01 1.225122942612791865e+00
-1.109767070847802684e+00 7.257436667420313903e-01
-1.025774243170750194e-01 5.102606464527482677e-01
-8.167639791395913118e-01 1.402775720544644056e+00
-9.633533043760972303e-01 9.212820667923098394e-01
-5.926072287746527723e-01 5.096924036029844007e-01
2.083182890790663266e-01 3.958069045745202796e-01
-1.175186298627852066e+00 9.701791323867144934e-01
1.536202751375929654e-01 9.308475313161590492e-02
2.005101815279781430e-01 1.211573805107195451e-01
-2.591786256829279322e-01 3.762324374515184644e-01
-6.796573502921652299e-01 1.122109805677074190e+00
-7.850458210330772957e-01 1.158489494273903908e+00
-4.237222235688182237e-01 6.439180880895188919e-01
-8.707663454069707321e-01 1.205530173659693061e+00
-7.555249347425334605e-01 1.056417478282793088e+00
-7.920053903271992435e-02 1.735740845152108913e-02
1.155934964568240686e-01 4.863015273826279961e-01
-7.255002741513209008e-01 1.232140919300089399e+00
-9.423175160781719351e-01 6.399752049436717716e-01
2.212286164276769385e-01 5.065649507014227115e-01
-4.976682615705478319e-01 7.496915847881722161e-01
-1.007920283729545119e+00 9.696829595423689385e-01
-3.275159903704343012e-02 4.740771569056296819e-01
-3.703242732556050743e-01 2.316555093938899024e-01
-1.228420132687145117e+00 6.653310142519437420e-01
1.994714646324638185e-01 4.033450800220039767e-01
-2.303927398762337930e-01 3.261921687916112811e-01
-7.126313704589587461e-01 1.116334519390527857e+00
-6.956824720110478255e-01 1.279570882332586867e+00
-1.090533690753489271e+00 1.604691048936441877e+00
-7.295372783637424918e-01 3.196907078128787272e-01
1.079012046599500674e-01 3.815807838813519703e-01
5.422273088531932572e-01 1.705035230146603742e-01
-8.776530478825780301e-01 9.963160263890041835e-01
-5.293751047329047221e-01 4.697361681345364470e-01
-8.086136549042587385e-01 1.258226302368840477e+00
1.779833417281741492e-01 6.634667563890431774e-01
-2.952140331123729866e-01 5.652951874226238571e-01
-1.468567912453089541e-01 4.545902057277809161e-01
9.780977587954230168e-02 2.365477289807873251e-01
-4.842595091186372436e-01 7.910922120079371123e-01
-3.891890928031933594e-01 5.107304480664731638e-01
-7.849274755804419579e-01 5.116885935939334829e-01
-1.212852453857754975e+00 1.321068338479297610e+00
-1.140570143108956769e+00 7.292523499880059212e-01
-1.088918445956694958e+00 -3.058605661404262266e-01
2.658143707456876448e-01 1.824655497702887541e-01
-1.574498364376372694e-01 -9.682250159216557184e-02
-1.036162470261368762e+00 1.026713253418391369e+00
-7.338820382379188656e-01 1.062600993592529797e+00
1.519508614416846259e-01 3.976233705763687620e-01
-1.058288052108955934e+00 1.111943401141439303e+00
-1.182425172501443633e+00 6.897405996444839760e-01
1.123393454870702524e-01 4.126329159972186855e-01
-7.164199269129793990e-01 7.168814955928399790e-01
-4.758234036015379642e-01 4.892606341353913368e-01
-8.197887613298281417e-01 1.143029516570989390e+00
3.943796004634841923e-01 4.036540472144686253e-01
-8.664339761997338352e-01 8.043830526755513244e-01
-4.062616952456096775e-01 8.586533636293036675e-01
-2.419024680797567106e-01 5.518655510379952833e-01
1.623039813620298089e-01 4.920206964855717846e-01
-8.002531718783365555e-01 6.084630429838505661e-01
-8.628155282888504418e-01 1.092161056952314580e+00
-6.222236146743974627e-01 1.242642546756236033e-01
-9.830910557914012138e-01 4.740276137268624179e-01
-9.554944754782709326e-01 1.186852299836563596e+00
-9.381012463673387147e-01 1.272214932790651121e+00
4.065929728875812277e-01 3.303565551039885917e-02
-3.163366434226544954e-01 3.373451416154907845e-01
-3.541246310192414093e-01 5.363595307755536501e-01
1.131289539710741698e-01 3.888231722498646237e-01
-7.232753157150746404e-01 1.307767966624794775e+00
-8.392086608153377369e-01 5.873275418390144775e-01
-3.646091941321147334e-01 6.283014769743202610e-01
-3.041445169607627785e-01 2.253656854983337732e-01
2.961686370751089870e-01 3.347461585306171217e-01
-4.724932245483193793e-01 6.046053230366896791e-01
-1.190118344734589551e+00 6.683746642778801705e-01
1.646858332797586644e-01 6.496618901927139200e-01
-1.095313738628622025e+00 9.642305765641614457e-01
1.815377113621429450e-01 2.220710512696111305e-01
-9.620001902815805694e-01 1.032022237868122527e+00
-4.490455106168386168e-01 5.456531237659939526e-01
4.008391345466867373e-01 -2.636937088311470112e-01
-3.076133764986832553e-01 6.015952650814022640e-01
-7.742665691623674684e-01 7.291132006265517163e-01
-1.570502323311322224e+00 1.190939537066099119e-02
-1.137171791839757695e+00 9.675882934314486983e-01
-8.867251476398292365e-01 1.068359434659222007e+00
-1.967380732709471947e-01 5.110141493572993854e-01
-1.271031934236289962e-01 1.644211041572273269e-01
-5.572761521010408670e-01 1.238268786367379359e+00
-3.795959362304264506e-03 5.665011033781069960e-01
-9.823976918002749192e-01 9.276612976605100869e-01
-3.918005923088893061e-01 5.112353081573405289e-01
-9.589752363564671978e-01 9.797880070389408669e-01
-2.386932690636240639e-01 4.180668034780208320e-01
-7.510815216183582832e-01 1.468081298867145890e+00
2.196679111277621277e-01 5.459907838276196329e-02
1.966635979224541919e-01 3.907352797844975689e-01
-5.645536861114323068e-01 1.382672060424554594e+00
3.307692859683160069e-01 3.539074371005182518e-02
-1.105322968861882860e+00 5.752765485571639248e-01
-6.600832405945047388e-01 1.378147204334644993e+00
-4.888414896383819208e-01 5.517656414079091798e-01
-2.790093824642108089e-01 6.078568652502686076e-01
1.366251312192275913e-01 1.364079576670042537e-01
4.989501194463837053e-02 1.086326133574487957e-01
-6.911728094532970657e-01 1.290164223447387792e+00
2.867073767731116440e-01 2.902469277103044698e-01
3.667508934872309445e-01 1.148476125910126294e-01
4.501392541856832352e-01 4.660255170988560347e-01
-4.495657330425057441e-01 7.893785335681318127e-01
-7.036767482971401089e-01 5.409060985460641957e-01
-1.271085174955514097e+00 5.550035563133435268e-01
-8.119536531959823389e-01 6.357422437928922365e-01
-4.601363008835648305e-01 4.826621829945961784e-01
-2.868565295988490527e-01 9.206911511375985846e-01
-7.442194778541775246e-01 1.303599479317532062e+00
-1.523682012006803421e-01 3.619817065497016317e-01
-1.039233779154065340e+00 1.106385708235996690e+00
1.461104250371014490e-01 5.300668893049911290e-01
-8.298761878433580375e-02 4.560339329503536043e-01
-9.810466584262485246e-02 5.287272186317214517e-01
1.061290557792331501e-01 2.998214482029544214e-01
-6.315895366116905940e-01 1.114891334387226873e+00
6.201141420952608341e-01 8.053900913593659006e-02
-3.469303255460498003e-01 6.757664949183366243e-01
-1.442192043064542961e+00 1.704879220449921240e+00
-9.747774693488704401e-01 1.181059365176563514e+00
-7.893776337686788658e-01 9.633492309299342971e-01
6.614093013905383844e-02 -5.471385673962954332e-02
-5.235380323891413168e-01 2.957389779512711869e-01
-1.162024408448674162e+00 9.219054251379545928e-01
-7.567971347495069390e-01 1.094154979844644604e+00
-5.303513995447507456e-01 1.441270593620312401e-01
4.352283538735011170e-01 1.419787177160586333e-01
1.864876904992555373e-01 7.271597197171736360e-01
-1.241235919871022386e-01 4.524556469289108263e-01
1.914715591263061456e-01 4.442853205140173123e-01
-2.500525047411040203e-01 6.614615707108386644e-01
-8.518847508281308656e-01 9.114223189897810995e-01
8.777175514477097984e-03 3.492418699465825727e-01
-6.101465513631713078e-01 2.715293747534980873e-01
-7.183587417224523985e-01 1.299583858712414663e+00
-1.403124244142328059e-01 5.279848965314640763e-01
-8.741104350391185607e-01 1.349831744280866275e+00
1.134497782515421771e-01 4.110189316310566277e-01
-2.240248446318795494e-01 4.730563154999760100e-01
7.726855296134815809e-02 4.551507090808594169e-01
4.366208549978597420e-01 6.404966184310740829e-01
3.279614594684780449e-01 6.424053093725723418e-02
1.981739263331359358e-01 3.296334384107870163e-01
-5.196867664690288935e-01 4.255542488985636362e-01
-7.825015824070593595e-01 4.267538885167853069e-01
-3.601604635363577778e-01 4.467578093378234971e-01
1.933523177952178318e-01 3.975091961436132970e-01
-3.938048140849976786e-01 4.926445597464731985e-01
-5.759132385844777380e-01 1.098260975562778574e+00
-2.040362025283974923e-01 4.785666127098578970e-01
-4.720938423756293467e-01 4.269808190892606659e-01
-2.396559010471077944e-01 3.097841483986689681e-01
-1.618992580953613869e+00 1.392705233618620531e+00
-2.071075715677195284e-01 1.083022418624516536e+00
-1.193469149639638793e+00 1.281810479909637923e+00
-1.000080616290673241e+00 1.017025622071454416e+00
-3.115581054967095920e-01 3.805554279430177766e-01
-1.796827989972574091e+00 2.067072045809222658e+00
-6.519175665215950488e-01 7.063133494228870379e-01
-7.593465081676876727e-01 4.444903165202122586e-01
5.560955383252248752e-02 3.242960440765025321e-01
-6.599058406650713804e-02 8.308552010046595937e-01
5.081971893289057018e-02 4.027484104480424931e-01
-2.245663287247292583e-01 4.089281940215515054e-01
-7.908250770608316049e-01 1.436675568420335614e+00
-2.156882799178300447e-01 3.531577852999607248e-01
-4.813465482077711743e-01 4.631183525454691252e-01
-4.156386141105097298e-01 2.852055578195155650e-01
-8.784475170128874799e-01 1.304020245756490226e+00
-6.641151779427049984e-02 6.155293194321270756e-01
2.789757932833573095e-01 2.684338338951090530e-01
-1.004424821002796175e+00 8.787628356536718588e-01
-7.000679575301785862e-01 1.148143908237688970e+00
2.097631681027359307e-02 3.644114063801501824e-01
4.383073586024737178e-01 7.963263807010282358e-01
-7.881965219302272674e-01 5.872861456403625224e-01
-2.141892907909981325e-01 1.318300963203584475e+00
-5.319996091411380856e-01 6.098695633379898062e-01
-9.049657865786873145e-01 1.205458566290127154e+00
-8.934618420940733108e-01 1.210945884426916530e+00
3.740626050026595317e-01 -6.776817647458551266e-03
-7.191114800766090775e-01 1.199525891593582028e+00
-1.503949617634683933e-01 7.211145310716102763e-01
-1.004650837261775953e+00 1.180643941639041961e+00
-7.889600061179852242e-01 1.293847930346929465e+00
-9.387840981548140062e-01 1.009862961065634890e+00
-8.689066911011003036e-01 2.789990808392720512e-01
1.086224261765592891e-01 -6.360985818599426689e-02
-2.008448109466765552e-01 4.897525030722474915e-01
-2.765912549912978302e-01 4.069681889371007943e-01
2.405527280188399231e-01 3.250244628896140631e-01
-7.226061436035091656e-01 5.295652864251313430e-01
-5.485369427212127835e-01 6.643509008665280380e-01
-4.758168157829167910e-01 6.028258763052292135e-01
-4.693880649117606607e-01 8.867054555203742749e-01
-9.627552464374765639e-01 1.208102125883983691e+00
-1.434823033592656394e+00 9.877620150186676717e-01
7.110132338337821212e-03 7.787499075861443742e-01
-2.977348414585377356e-01 4.863069586839194325e-02
1.753729994078830762e-02 6.719285916300764272e-02
-8.918515710491744519e-01 1.349095755032015731e+00
-7.087192679860677968e-02 5.164989368582955098e-01
-7.778847953300017659e-01 1.288194696437996001e+00
4.671865430485915294e-01 -1.285172779068605164e-02
-1.239619508991955943e+00 8.299743706174596003e-01
-1.018787991723817177e+00 1.633510426477381428e-01
-6.755698823884820348e-01 1.259922917201125259e+00
3.429780091830487154e-01 1.496514159631922095e-02
5.557886077617608250e-02 2.506221005082325259e-01
-9.481247405629209535e-01 9.932597367075858275e-01
-7.732647203673486125e-01 3.718863917822967657e-01
-3.571132908824810048e-01 1.447874845329594207e+00
-6.809835327526035931e-01 3.770893224660982757e-01
1.946554554023308958e-01 8.711111482959096874e-03
-2.136796132266136627e+00 2.481120252821734429e+00
-1.431126449780313337e-01 4.159288501849985886e-01
-1.036660898938347897e+00 8.623703904751270910e-01
-1.035342927909272515e+00 1.061534407765890142e+00
1.705389066075426729e-01 5.074884617128903042e-01
-9.282024628579312875e-01 9.506859510368527166e-01
-9.253862038154736513e-01 1.027924724391111821e+00
-8.177503903144159869e-01 1.244476445476169424e+00
4.970060801479116441e-01 3.743923254184468585e-01
-1.103967966850109228e+00 4.161870156108519736e-01
6.015463251832527114e-02 6.027208841014850549e-01
-2.893373314788160733e-01 5.735368991445011222e-01
-7.792200631686664325e-01 4.238904112506340915e-01
-5.556728051864416873e-01 6.561837357637499979e-01
-6.146772256399789525e-01 1.210463213622372525e+00
-8.174746950142675050e-01 1.207627873467262969e+00
-7.901892790708595626e-01 1.422406351069535502e+00
-2.262725112423040752e-01 4.502964376836966487e-01
-1.116090082791845184e+00 3.945812610341101201e-01
-7.159424022715190628e-01 5.690356800170301987e-01
3.720656382029957632e-01 1.038301788966643074e-01
-7.907016551528064374e-01 1.239075104261657456e+00
-8.701407367498950052e-01 8.907964202363074513e-01
-5.882593978874124663e-02 4.310946068563885625e-01
-8.554456523866551532e-01 1.020859160027331125e+00
-1.095375119833361000e+00 8.335783346816058037e-01
5.415508813275702327e-01 -4.878816069507492525e-02
2.015249923597109416e-02 3.983201882817731798e-01
-8.653123749642692708e-01 4.984682635525721217e-01
-4.816789634034079892e-01 3.427357688897672006e-01
-2.137897745901284619e-01 6.215312928457339403e-01
-2.021976094106442967e-01 5.692501596579835343e-01
1.119185353091707580e-02 9.843556377857678452e-01
-1.072593108812902818e+00 1.093395622421174718e+00
2.010767791386318393e-02 5.949697869783493465e-01
-1.217771374997891343e+00 6.550824469044544962e-01
-5.576635690689145664e-01 7.809380255882756305e-01
-1.043472917016904811e+00 7.691925861015518340e-01
-7.770339569706773419e-01 4.625933422447808807e-01
-6.862754095284192557e-01 5.003675339361652874e-01
-2.732083928501068959e-01 7.396913764457289098e-01
-9.573595487523176573e-01 1.367193488143411351e+00
-1.298545765600099378e+00 8.049021541022997051e-01
-1.169688491679705677e+00 1.117276361900002346e+00
-1.408367071872586584e-01 2.970043478404257864e-01
-1.018831680205062984e+00 9.775887560461441472e-01
2.461180856469264155e-01 5.892387439046227193e-01
-5.098189855408732374e-01 1.114816771872975953e-01
-5.108625662332759720e-01 6.930661527666740485e-01
-8.438272769905248438e-01 1.194033495010263790e+00
-1.015032162799142545e+00 2.653707819816127911e-01
-8.782194308927098181e-01 -1.318805949351050527e-02
-7.309985295543197648e-01 1.151963264122003450e+00
2.371930128869943200e-01 6.298089568713136632e-01
-8.969065411749965744e-02 4.951601998018569928e-01
-2.677408353276956809e+00 2.173845003789562913e+00
-7.181201240109885697e-01 1.236645767154221254e+00
4.241971659163365493e-01 1.083145684189317781e-01
-3.319611094176264654e-01 5.544745740492013075e-01
-7.323635968635022753e-01 1.152312966658252780e+00
-9.889600265280806823e-01 3.732636671161529418e-01
-4.148867573390817576e-01 4.153900727422745742e-01
-1.125322194558118882e+00 9.437727473463756178e-01
-1.148399580197101866e+00 1.187178659772670120e+00
-6.034270482173711425e-01 6.253434220836979751e-01
-9.876521286951362999e-01 6.522416944792099880e-01
-4.692464898928623285e-01 4.849895356997551144e-01
3.731387934859069222e-02 3.673551053330447180e-01
-9.313837317826098028e-01 1.066555556587669873e+00
-8.794886602744506066e-01 9.568998265040211670e-01
9.741564674854998052e-02 4.956075207128229909e-01
